0.000000	100.000000	0.000000	100.000000	100.000000	0.002861	0.009058	0.011615	0.031319	0.036376	0.000000	-0.029693	0.000000	0.147511	0.000000	1.017379	0.000000
0.001000	100.000000	0.012915	99.987085	99.987085	10.002688	8.566305	0.865211	4.576114	5.314988	0.089991	-0.041331	0.000000	0.145867	0.000000	0.989765	0.000000
0.002000	100.000000	0.025830	99.974170	99.974170	9.995784	21.871132	2.974051	44.008888	51.114700	0.179983	-0.046119	0.000000	0.147182	0.000000	0.954917	0.000000
0.003000	100.000000	0.103320	99.896680	99.896680	9.999729	34.910138	5.419445	91.105417	105.815582	0.719931	-0.087198	-0.010000	0.146196	0.000000	0.720191	-1.753832
0.004000	100.000000	0.219555	99.780445	99.780445	9.999400	39.351482	7.241283	123.631866	143.593852	1.529854	-0.325973	-0.080000	0.148168	0.000000	0.659044	-15.454485
0.005000	100.000000	0.348705	99.651295	99.651295	10.001702	39.474745	7.380344	141.677358	164.553026	2.429769	-1.026718	-0.220000	0.145867	0.000000	0.438453	-49.091860
0.006000	100.000000	0.516600	99.483400	99.483400	10.000058	39.467041	7.187287	191.046247	221.893170	3.599657	-2.300351	-0.440000	0.681398	0.000000	0.617950	-100.479703
0.007000	100.000000	0.749070	99.250930	99.250930	10.000387	39.495931	6.919522	273.565323	317.736034	5.219503	-3.838243	-0.690000	0.146196	0.000000	0.834595	-156.020921
0.008000	100.000000	1.059030	98.940970	98.940970	10.000715	39.569119	6.556337	331.444493	384.960554	7.379297	-4.998357	-0.980000	0.149483	0.000000	0.631429	-205.032339
0.009000	100.000000	1.407735	98.592265	98.592265	10.000387	39.590305	6.401004	351.584121	408.351989	9.809066	-5.246293	-1.320000	0.149154	0.000000	0.644579	-251.574895
0.010000	100.000000	1.769355	98.230645	98.230645	9.999400	39.642307	6.381772	375.778404	436.452757	12.328825	-4.501200	-1.710000	0.149483	0.000000	0.747148	-298.928751
0.011000	100.000000	2.169720	97.830280	97.830280	10.000387	39.736680	6.029683	433.390186	503.366717	15.118560	-3.073250	-2.140000	0.149812	0.000000	0.766873	-345.588877
0.012000	100.000000	2.634660	97.365340	97.365340	10.002359	39.630751	5.778931	488.417656	567.279094	18.358251	-1.434246	-2.610000	0.434179	0.000000	1.038419	-389.800050
0.013000	100.000000	3.125430	96.874570	96.874570	9.999729	39.721272	5.392077	509.047382	591.239759	21.777925	-0.110766	-3.090000	0.279996	0.000000	1.072938	-426.874373
0.014000	100.000000	3.642030	96.357970	96.357970	9.999072	39.698160	5.453470	522.191589	606.506272	25.377582	0.405042	-3.640000	0.150141	0.000000	0.672193	-463.814423
0.015000	100.000000	4.184460	95.815540	95.815540	10.003017	39.757866	5.210854	562.025213	652.771556	29.157222	-0.074224	-4.200000	0.150798	0.000000	0.900345	-501.805966
0.016000	100.000000	4.765635	95.234365	95.234365	10.000715	39.742458	5.124311	604.264880	701.831372	33.206837	-1.242557	-4.770000	0.686001	0.000000	1.109429	-530.149999
0.017000	100.000000	5.385555	94.614445	94.614445	9.999400	39.703938	4.815124	625.429264	726.413024	37.526425	-2.549311	-5.390000	0.148168	0.000000	0.641620	-557.506136
0.018000	100.000000	6.018390	93.981610	93.981610	10.000715	39.802164	4.654612	636.479299	739.247232	41.936005	-3.507780	-6.030000	0.332267	0.000000	0.608416	-587.382844
0.019000	100.000000	6.664140	93.335860	93.335860	10.001044	39.773274	4.728581	662.322119	769.262714	46.435576	-3.737928	-6.690000	0.148826	0.000000	1.041049	-614.204998
0.020000	100.000000	7.348635	92.651365	92.651365	9.999729	39.788682	4.432707	690.392761	801.865729	51.205122	-3.040137	-7.360000	0.147511	0.000000	0.793173	-636.383646
0.021000	100.000000	8.046045	91.953955	91.953955	9.996113	39.911946	4.257402	705.809333	819.771509	56.064659	-1.656163	-8.050000	0.146524	0.000000	1.016064	-655.289200
0.022000	100.000000	8.756370	91.243630	91.243630	10.005975	39.809868	4.366876	716.413795	832.088201	61.014187	-0.213721	-8.790000	0.164934	0.000000	0.775092	-679.307915
0.023000	100.000000	9.492525	90.507475	90.507475	10.001044	39.798312	4.277374	741.098127	860.758141	66.143699	0.695962	-9.520000	0.150141	0.000000	0.531818	-702.748436
0.024000	100.000000	10.241595	89.758405	89.758405	10.000715	39.967799	3.971885	764.490313	887.927303	71.363201	0.854354	-10.290000	0.150141	0.000000	1.003572	-723.134288
0.025000	100.000000	11.016495	88.983505	88.983505	9.999729	39.923502	3.873507	784.897207	911.629158	76.762687	0.301727	-11.070000	0.516695	0.000000	0.707041	-744.641917
0.026000	100.000000	11.817225	88.182775	88.182775	10.000715	39.892686	3.951173	796.170009	924.722102	82.342156	-0.785294	-11.860000	0.150469	0.000000	0.921714	-762.295466
0.027000	100.000000	12.630870	87.369130	87.369130	9.999729	39.890760	3.818030	807.799263	938.229051	88.011615	-2.004601	-12.670000	0.150141	0.000000	0.457521	-778.391539
0.028000	100.000000	13.444515	86.555485	86.555485	10.000387	39.927354	3.621275	814.972863	946.560923	93.681075	-2.844130	-13.490000	0.149812	0.000000	0.701781	-793.849890
0.029000	100.000000	14.271075	85.728925	85.728925	10.001373	39.931206	3.636068	832.973696	967.468226	99.440527	-2.908039	-14.320000	0.150798	0.000000	0.775421	-807.289937
0.030000	100.000000	15.110550	84.889450	84.889450	9.998743	39.967799	3.528074	854.449934	992.412084	105.289969	-2.127347	-15.180000	0.150469	0.000000	0.824404	-822.702804
0.031000	100.000000	15.975855	84.024145	84.024145	10.000715	40.056395	3.417122	868.930797	1009.231073	111.319395	-0.841571	-16.050000	0.151127	0.000000	0.865826	-840.045477
0.032000	100.000000	16.854075	83.145925	83.145925	9.997428	40.012097	3.391973	884.659240	1027.499080	117.438812	0.406877	-16.920000	0.480204	0.000000	0.708685	-853.372557
0.033000	100.000000	17.745210	82.254790	82.254790	9.999072	40.015949	3.375700	894.639894	1039.091241	123.648220	1.207600	-17.810000	0.145867	0.000000	0.976615	-864.879645
0.034000	100.000000	18.649260	81.350740	81.350740	10.000387	39.973577	3.383836	898.159857	1043.179548	129.947620	1.301412	-18.720000	0.550228	0.000000	0.784626	-879.069817
0.035000	100.000000	19.553310	80.446690	80.446690	9.999400	40.014023	3.325401	913.086279	1060.516037	136.247020	0.581336	-19.620000	0.145538	0.000000	1.242901	-890.472674
0.036000	100.000000	20.483190	79.516810	79.516810	9.999072	40.019801	3.257350	929.928628	1080.077804	142.726403	-0.690810	-20.570000	0.147839	0.000000	0.995682	-904.437883
0.037000	100.000000	21.425985	78.574015	78.574015	10.000387	40.027505	3.130864	942.003432	1094.102244	149.295777	-1.905137	-21.510000	0.669235	0.000000	0.974971	-920.936550
0.038000	100.000000	22.407525	77.592475	77.592475	10.002688	40.014023	3.099797	952.875210	1106.729413	156.135126	-2.538877	-22.500000	0.569624	0.000000	0.712301	-939.075324
0.039000	100.000000	23.363235	76.636765	76.636765	9.999729	39.983207	3.067991	948.375007	1101.502593	162.794491	-2.377075	-23.430000	0.158359	0.000000	1.152166	-949.364489
0.040000	100.000000	24.306030	75.693970	75.693970	10.000058	39.983207	3.071689	949.800814	1103.158615	169.363865	-1.541602	-24.380000	0.150798	0.000000	1.157755	-947.752832
0.041000	100.000000	25.274655	74.725345	74.725345	10.000715	40.052543	2.932629	974.306868	1131.621493	176.113222	-0.363553	-25.380000	0.169865	0.000000	0.873388	-957.048155
0.042000	100.000000	26.269110	73.730890	73.730890	10.001044	39.967799	2.755105	996.273199	1157.134576	183.042562	0.761800	-26.360000	0.351992	0.000000	0.634716	-970.118038
0.043000	100.000000	27.276480	72.723520	72.723520	10.000387	40.040987	2.801705	1005.050819	1167.329458	190.061893	1.408262	-27.360000	0.171180	0.000000	1.074253	-979.217216
0.044000	100.000000	28.270935	71.729065	71.729065	10.000058	39.925428	2.776556	997.253441	1158.273091	196.991233	1.334118	-28.330000	0.382237	0.000000	0.822432	-982.725213
0.045000	100.000000	29.265390	70.734610	70.734610	10.000715	40.044839	2.791349	997.119771	1158.117839	203.920573	0.557253	-29.330000	0.254354	0.000000	0.789228	-984.093556
0.046000	100.000000	30.272760	69.727240	69.727240	9.999400	39.981281	2.761762	1009.595576	1172.608026	210.939904	-0.637792	-30.360000	0.460808	0.000000	0.532804	-995.156999
0.047000	100.000000	31.293045	68.706955	68.706955	10.000715	40.077581	2.644892	1029.289522	1195.481817	218.049227	-1.759155	-31.380000	0.169208	0.000000	0.995025	-1007.423913
0.048000	100.000000	32.339160	67.660840	67.660840	10.001702	39.948539	2.661905	1035.482866	1202.675158	225.338533	-2.319944	-32.390000	0.167235	0.000000	0.788570	-1012.076036
0.049000	100.000000	33.372360	66.627640	66.627640	10.001702	39.969725	2.741051	1019.531662	1184.148424	232.537847	-2.096921	-33.420000	0.166249	0.000000	1.090362	-1015.611964
0.050000	100.000000	34.392645	65.607355	65.607355	10.001702	40.008245	2.668562	1014.719567	1178.559352	239.647170	-1.225641	-34.450000	0.294790	0.000000	0.881935	-1021.233769
0.051000	100.000000	35.412930	64.587070	64.587070	10.001044	40.094915	2.715162	1033.834278	1200.760384	246.756492	-0.058482	-35.500000	0.166907	0.000000	1.147235	-1028.730477
0.052000	100.000000	36.497790	63.502210	63.502210	10.001044	40.062173	2.427425	1059.008659	1229.999499	254.315772	0.981454	-36.580000	0.165920	0.000000	1.224820	-1042.671622
0.053000	100.000000	37.582650	62.417350	62.417350	10.003674	39.987059	2.562047	1055.978822	1226.480456	261.875052	1.534470	-37.660000	0.166578	0.000000	1.000285	-1058.032089
0.054000	100.000000	38.602935	61.397065	61.397065	9.999072	40.062173	2.576841	1037.443349	1204.952187	268.984375	1.376836	-38.660000	0.480533	0.000000	1.044666	-1054.204760
0.055000	100.000000	39.649050	60.350950	60.350950	10.000715	40.000541	2.502133	1032.764923	1199.518368	276.273680	0.520390	-39.710000	0.167564	0.000000	1.029214	-1043.338362
0.056000	100.000000	40.669335	59.330665	59.330665	10.000387	40.079507	2.585717	1060.078013	1231.241515	283.383003	-0.667318	-40.750000	0.169537	0.000000	1.025269	-1042.154256
0.057000	100.000000	41.767110	58.232890	58.232890	9.998743	40.202771	2.414110	1079.370942	1253.649540	291.032274	-1.670398	-41.830000	0.201425	0.000000	1.232381	-1048.221398
0.058000	100.000000	42.813225	57.186775	57.186775	10.001702	40.098767	2.364552	1065.469340	1237.503342	298.321580	-2.073005	-42.860000	0.188604	0.000000	1.237970	-1051.585664
0.059000	100.000000	43.872255	56.127745	56.127745	10.001373	40.050617	2.434822	1035.794761	1203.037413	305.700877	-1.739138	-43.930000	0.435166	0.000000	0.958533	-1051.576520
0.060000	100.000000	44.905455	55.094545	55.094545	10.001044	40.006319	2.499914	1046.978424	1216.026826	312.900191	-0.875595	-45.000000	0.689617	0.000000	0.698165	-1058.037369
0.061000	100.000000	45.977400	54.022600	54.022600	10.000387	40.170029	2.445917	1079.549167	1253.856542	320.369480	0.205220	-46.070000	0.164605	0.000000	0.928617	-1063.284037
0.062000	100.000000	47.062260	52.937740	52.937740	9.999729	40.085285	2.285405	1088.371337	1264.103167	327.928759	1.170517	-47.110000	0.190248	0.000000	0.918097	-1061.231421
0.063000	100.000000	48.147120	51.852880	51.852880	10.000058	40.040987	2.310555	1066.984258	1239.262864	335.488039	1.626709	-48.180000	0.207672	0.000000	0.871415	-1058.711878
0.064000	100.000000	49.219065	50.780935	50.780935	10.000387	40.021727	2.460711	1049.161689	1218.562607	342.957328	1.367104	-49.290000	0.588034	0.000000	0.617292	-1069.277003
0.065000	100.000000	50.303925	49.696075	49.696075	10.000058	40.017875	2.505831	1066.895145	1239.159362	350.516608	0.458727	-50.430000	0.186960	0.000000	1.063404	-1090.540718
0.066000	100.000000	51.350040	48.649960	48.649960	10.000058	40.033283	2.334225	1095.322136	1272.176264	357.805913	-0.677638	-51.470000	0.185974	0.000000	1.020667	-1093.808683
0.067000	100.000000	52.447815	47.552185	47.552185	9.998085	40.046765	2.278748	1089.975367	1265.966189	365.455184	-1.520176	-52.540000	0.356266	0.000000	0.785940	-1080.727297
0.068000	100.000000	53.545590	46.454410	46.454410	10.000715	40.017875	2.425206	1063.553414	1235.278065	373.104456	-1.793989	-53.660000	0.184002	0.000000	0.821117	-1083.606555
0.069000	100.000000	54.630450	45.369550	45.369550	9.999729	40.039061	2.507311	1057.805636	1228.602232	380.663736	-1.389047	-54.770000	0.184988	0.000000	0.871086	-1095.086507
0.070000	100.000000	55.663650	44.336350	44.336350	9.999729	40.073729	2.349758	1084.049365	1259.083356	387.863050	-0.481983	-55.820000	0.564364	0.000000	0.700466	-1091.661389
0.071000	100.000000	56.787255	43.212745	43.212745	10.001373	40.046765	2.235847	1099.866890	1277.454827	395.692304	0.558532	-56.930000	0.186632	0.000000	0.986148	-1087.014018
0.072000	100.000000	57.872115	42.127885	42.127885	9.997428	40.073729	2.249901	1085.252388	1260.480623	403.251584	1.379340	-58.000000	0.529845	0.000000	1.056501	-1087.305705
0.073000	100.000000	59.047380	40.952620	40.952620	10.000387	39.965873	2.501393	1058.295756	1229.171489	411.440803	1.538931	-59.230000	0.171180	0.000000	1.299117	-1109.344183
0.074000	100.000000	60.003090	39.996910	39.996910	10.001702	40.096841	2.312034	1072.019133	1245.110685	418.100169	1.010079	-60.180000	0.565021	0.000000	1.077869	-1106.142507
0.075000	100.000000	61.049205	38.950795	38.950795	10.000387	40.000541	2.294282	1101.337251	1279.162598	425.389475	0.147658	-61.200000	0.405250	0.000000	0.833280	-1063.129179
0.076000	100.000000	62.159895	37.840105	37.840105	10.001702	40.048691	2.222532	1102.673943	1280.715116	433.128737	-0.753817	-62.270000	0.168550	0.000000	1.065377	-1049.775802
0.077000	100.000000	63.257670	36.742330	36.742330	10.002030	40.037135	2.369729	1074.737075	1248.267474	440.778009	-1.390179	-63.360000	0.169865	0.000000	1.052556	-1058.206080
0.078000	100.000000	64.329615	35.670385	35.670385	10.000387	39.977429	2.458491	1059.409667	1230.465255	448.247297	-1.584684	-64.450000	0.208000	0.000000	1.014749	-1070.729139
0.079000	100.000000	65.401560	34.598440	34.598440	10.002688	40.044839	2.327567	1082.935455	1257.789590	455.716585	-1.234804	-65.590000	0.171509	0.000000	1.265913	-1088.294205
0.080000	100.000000	66.499335	33.500665	33.500665	10.000058	40.087211	2.254339	1110.337644	1289.616223	463.365857	-0.393769	-66.670000	0.202412	0.000000	0.982203	-1098.764071
0.081000	100.000000	67.635855	32.364145	32.364145	10.000058	40.152695	2.162618	1107.842486	1286.718188	471.285102	0.607141	-67.770000	0.700466	0.000000	0.730053	-1097.392404
0.082000	100.000000	68.720715	31.279285	31.279285	10.001702	40.081433	2.243983	1079.950175	1254.322298	478.844382	1.315974	-68.840000	0.371388	0.000000	0.710000	-1092.822523
0.083000	100.000000	69.792660	30.207340	30.207340	10.000058	40.096841	2.303158	1075.449977	1249.095484	486.313671	1.419699	-69.950000	0.163619	0.000000	0.919741	-1091.089382
0.084000	100.000000	70.877520	29.122480	29.122480	10.000387	40.075655	2.224751	1112.610020	1292.255504	493.872950	0.878409	-71.060000	0.167893	0.000000	1.133428	-1097.440769
0.085000	100.000000	72.001125	27.998875	27.998875	9.998743	39.992837	2.232888	1126.377947	1308.246443	501.702205	-0.063806	-72.140000	0.165592	0.000000	1.081485	-1097.617410
0.086000	100.000000	73.124730	26.875270	26.875270	10.000715	40.073729	2.218834	1100.847131	1278.593341	509.531459	-0.987634	-73.240000	0.164934	0.000000	0.588691	-1094.974202
0.087000	100.000000	74.222505	25.777495	25.777495	10.000387	40.027505	2.368250	1074.336067	1247.801718	517.180730	-1.535353	-74.350000	0.165920	0.000000	0.832294	-1098.061110
0.088000	100.000000	75.307365	24.692635	24.692635	10.002688	40.087211	2.294282	1089.708029	1265.655685	524.740010	-1.576858	-75.470000	0.168879	0.000000	0.868785	-1104.504656
0.089000	100.000000	76.418055	23.581945	23.581945	9.998085	40.100693	2.201821	1124.372909	1305.917665	532.479273	-1.123981	-76.580000	0.189590	0.000000	1.152166	-1109.233835
0.090000	100.000000	77.580405	22.419595	22.419595	10.000715	40.166177	2.008764	1126.244278	1308.091191	540.578501	-0.231765	-77.700000	0.616306	0.000000	0.978258	-1112.025410
0.091000	100.000000	78.691095	21.308905	21.308905	9.998085	40.054469	2.181850	1092.292301	1268.657222	548.317764	0.716123	-78.810000	0.614334	0.000000	0.771147	-1113.522725
0.092000	100.000000	79.879275	20.120725	20.120725	9.999400	40.033283	2.263215	1093.539880	1270.106239	556.596975	1.245535	-80.080000	0.311227	0.000000	1.311281	-1140.591853
0.093000	100.000000	80.925390	19.074610	19.074610	10.000387	39.981281	2.224012	1126.066052	1307.884188	563.886281	1.193894	-81.140000	0.189590	0.000000	1.061103	-1153.555040
0.094000	100.000000	82.100655	17.899345	17.899345	9.999400	40.096841	2.103443	1143.398488	1328.015173	572.075500	0.640965	-82.260000	0.188604	0.000000	1.308651	-1133.369978
0.095000	100.000000	83.198430	16.801570	16.801570	10.000387	40.064099	2.182589	1115.283404	1295.360541	579.724772	-0.162004	-83.340000	0.093267	0.000000	1.339553	-1118.382679
0.096000	100.000000	84.309120	15.690880	15.690880	9.998743	40.075655	2.295021	1085.831621	1261.153381	587.464034	-0.991300	-84.440000	0.185645	0.000000	1.269858	-1105.989950
0.097000	100.000000	85.484385	14.515615	14.515615	10.000715	40.135361	2.189986	1108.332606	1287.287445	595.653254	-1.523120	-85.720000	0.191563	0.000000	1.034474	-1133.442702
0.098000	100.000000	86.711310	13.288690	13.288690	10.000387	40.141139	2.039830	1140.725104	1324.910137	604.202440	-1.416152	-86.890000	0.190248	0.000000	1.020009	-1170.021931
0.099000	100.000000	87.692850	12.307150	12.307150	10.000715	40.162325	1.962903	1138.630954	1322.477859	611.041788	-0.754616	-87.820000	0.337527	0.000000	0.779366	-1133.870319
0.100000	100.000000	88.777710	11.222290	11.222290	9.999072	40.079507	2.074595	1102.584830	1280.611615	618.601068	0.155188	-88.890000	0.619594	0.000000	1.008503	-1081.034611
0.101000	100.000000	89.875485	10.124515	10.124515	9.999729	40.048691	2.236586	1094.609234	1271.348254	626.250339	0.888490	-90.020000	0.175454	0.000000	1.208711	-1079.095572
0.102000	100.000000	90.986175	9.013825	9.013825	10.000387	40.079507	2.064980	1121.476743	1302.553876	633.989602	1.235182	-91.180000	0.580144	0.000000	0.924015	-1101.897325
0.103000	100.000000	92.122695	7.877305	7.877305	9.011192	36.273743	1.549420	1153.601899	1339.866059	641.908848	1.152483	-92.280000	0.183344	0.000000	0.897058	-1115.462523
0.104000	100.000000	93.285045	6.714955	6.714955	7.878335	31.811211	0.806037	1113.679374	1293.497519	650.008076	0.620640	-93.430000	0.225095	0.000000	1.126195	-1121.013746
0.105000	100.000000	94.369905	5.630095	5.630095	6.715888	27.379490	0.161032	1066.538694	1238.745357	657.567356	-0.163610	-94.550000	0.369416	0.000000	0.815528	-1126.822321
0.106000	100.000000	95.441850	4.558150	4.558150	5.631025	23.458156	-0.600104	1062.038496	1233.518543	665.036644	-0.854535	-95.680000	0.189919	0.000000	0.815199	-1127.127628
0.107000	100.000000	96.487965	3.512035	3.512035	4.558323	19.157397	-1.342009	1076.118323	1249.871744	672.325950	-0.952772	-96.720000	0.322076	0.000000	0.611046	-1112.400319
0.108000	100.000000	97.559910	2.440090	2.440090	3.511262	15.120496	-2.120897	1042.344556	1210.644758	679.795238	-0.235007	-97.750000	0.190248	0.000000	0.897386	-1082.856129
0.109000	100.000000	98.554365	1.445635	1.445635	2.441188	10.750394	-2.646074	960.850817	1115.992786	686.724578	1.043650	-98.750000	0.189590	0.000000	0.963136	-1054.250389
0.110000	100.000000	99.484245	0.515755	0.515755	1.445739	6.879124	-3.123171	913.041723	1060.464286	693.203961	2.416982	-99.720000	0.566994	0.000000	0.796789	-1025.308189
0.111000	100.000000	100.388295	-0.388295	-0.388295	0.515709	3.491279	-3.774835	902.704619	1048.458121	699.503361	3.547800	-100.650000	0.188933	0.000000	1.340539	-994.186405
0.112000	100.000000	101.279430	-1.279430	-1.279430	-0.389336	-1.004022	-4.353269	867.460432	1007.523299	705.712769	4.535334	-101.530000	0.280325	0.000000	1.156440	-957.842195
0.113000	100.000000	102.118905	-2.118905	-2.118905	-1.277945	-4.455430	-4.779329	793.362948	921.461804	711.562212	5.103441	-102.320000	0.368758	0.000000	0.967738	-908.843463
0.114000	100.000000	102.867975	-2.867975	-2.867975	-2.116256	-7.766241	-5.103311	705.051872	818.891746	716.781715	4.830225	-103.100000	0.279339	0.000000	1.004887	-857.435806
0.115000	100.000000	103.539555	-3.539555	-3.539555	-2.866463	-10.734224	-5.384392	646.950098	751.408678	721.461269	4.009910	-103.800000	0.278024	0.000000	1.281364	-807.884031
0.116000	100.000000	104.172390	-4.172390	-4.172390	-3.537770	-13.403676	-5.631447	603.195521	700.589351	725.870849	3.271871	-104.410000	0.279339	0.000000	1.494722	-746.199991
0.117000	100.000000	104.740650	-4.740650	-4.740650	-4.169298	-15.897862	-6.024221	539.613232	626.740867	729.830472	3.134899	-104.960000	0.280325	0.000000	1.289912	-677.872369
0.118000	100.000000	105.231420	-5.231420	-5.231420	-4.738365	-18.236042	-6.087094	452.282211	525.309107	733.250146	3.651122	-105.440000	0.280654	0.000000	1.229422	-609.631672
0.119000	100.000000	105.644700	-5.644700	-5.644700	-5.232477	-20.219836	-6.004250	380.902423	442.404116	736.129872	4.594401	-105.860000	0.279010	0.000000	1.019023	-542.541836
0.120000	100.000000	105.993405	-5.993405	-5.993405	-5.647360	-21.908951	-6.197308	329.573111	382.787014	738.559640	5.367034	-106.220000	0.187947	0.000000	0.993052	-478.126014
0.121000	100.000000	106.290450	-6.290450	-6.290450	-5.992548	-23.380426	-6.094491	270.223569	313.854709	740.629443	5.783121	-106.510000	0.187947	0.000000	0.984176	-413.940096
0.122000	100.000000	106.522920	-6.522920	-6.522920	-6.289081	-24.609224	-5.972443	195.680149	227.275276	742.249289	5.888387	-106.710000	0.187289	0.000000	0.971026	-344.244515
0.123000	100.000000	106.677900	-6.677900	-6.677900	-6.520521	-25.508673	-5.815629	124.745785	144.887628	743.329186	5.400628	-106.850000	0.187947	0.000000	1.175179	-271.792411
0.124000	100.000000	106.768305	-6.768305	-6.768305	-6.677993	-26.080699	-5.710594	68.693353	79.784796	743.959126	4.359036	-106.940000	0.187289	0.000000	0.906591	-205.013688
0.125000	100.000000	106.819965	-6.819965	-6.819965	-6.767742	-26.514053	-5.600381	17.453032	20.271054	744.319091	3.079845	-106.970000	0.187618	0.000000	1.116990	-143.289077
0.126000	100.000000	106.807050	-6.807050	-6.807050	-6.818698	-26.735545	-5.430992	-36.371603	-42.244275	744.229100	1.998159	-106.950000	0.188275	0.000000	1.078855	-84.745066
0.127000	100.000000	106.729560	-6.729560	-6.729560	-6.807192	-26.787547	-5.067067	-93.226124	-108.278704	743.689151	1.472223	-106.870000	0.187947	0.000000	1.084773	-27.961364
0.128000	100.000000	106.613325	-6.613325	-6.613325	-6.729935	-26.506349	-4.635090	-135.510575	-157.390535	742.879229	1.919197	-106.750000	0.279668	0.000000	1.139674	26.156605
0.129000	100.000000	106.458345	-6.458345	-6.458345	-6.614544	-26.103812	-4.332558	-168.749994	-195.996894	741.799331	3.021808	-106.590000	0.280983	0.000000	1.180439	74.889000
0.130000	100.000000	106.277535	-6.277535	-6.277535	-6.455429	-25.448966	-4.063312	-203.860809	-236.776811	740.539451	4.044777	-106.390000	0.280325	0.000000	1.226463	119.682631
0.131000	100.000000	106.045065	-6.045065	-6.045065	-6.278561	-24.813381	-3.799244	-237.857711	-276.262958	738.919606	4.657096	-106.150000	0.281311	0.000000	1.255393	162.154348
0.132000	100.000000	105.799680	-5.799680	-5.799680	-6.043175	-23.877338	-3.519643	-261.784762	-304.053346	737.209769	4.647438	-105.880000	0.278024	0.000000	1.324759	201.627678
0.133000	100.000000	105.528465	-5.528465	-5.528465	-5.796941	-22.931665	-3.120213	-281.256126	-326.668617	735.319949	4.079126	-105.600000	0.279339	0.000000	1.344484	233.782860
0.134000	100.000000	105.231420	-5.231420	-5.231420	-5.530325	-21.880061	-2.814722	-299.747241	-348.145365	733.250146	3.098374	-105.310000	0.280983	0.000000	1.324431	256.976768
0.135000	100.000000	104.921460	-4.921460	-4.921460	-5.231490	-20.699414	-2.557312	-320.510761	-372.261428	731.090352	1.917808	-104.980000	0.279339	0.000000	1.312596	279.347026
0.136000	100.000000	104.598585	-4.598585	-4.598585	-4.921150	-19.512989	-2.222234	-334.457075	-388.459557	728.840566	0.617530	-104.640000	0.189262	0.000000	1.313911	302.505778
0.137000	100.000000	104.262795	-4.262795	-4.262795	-4.597660	-18.224486	-1.901950	-341.407954	-396.532747	726.500789	-0.223103	-104.300000	0.188933	0.000000	1.256051	319.423265
0.138000	100.000000	103.914090	-3.914090	-3.914090	-4.261349	-16.882055	-1.586105	-346.621114	-402.587640	724.071020	-0.115263	-103.960000	0.187947	0.000000	1.260325	329.391794
0.139000	100.000000	103.565385	-3.565385	-3.565385	-3.913860	-15.553106	-1.227357	-353.705664	-410.816084	721.641252	0.508148	-103.600000	0.189919	0.000000	1.244545	338.241412
0.140000	100.000000	103.203765	-3.203765	-3.203765	-3.563084	-14.199119	-1.009890	-354.195790	-411.385347	719.121492	1.175576	-103.240000	0.186960	0.000000	1.202465	347.312603
0.141000	100.000000	102.855060	-2.855060	-2.855060	-3.205404	-12.770018	-0.753959	-348.492505	-404.761191	716.691723	1.565049	-102.900000	0.189262	0.000000	0.937494	349.730291
0.142000	100.000000	102.506355	-2.506355	-2.506355	-2.853641	-11.441070	-0.483234	-341.318840	-396.429245	714.261955	1.505963	-102.550000	0.561734	0.000000	1.199177	348.464197
0.143000	100.000000	102.170565	-2.170565	-2.170565	-2.505824	-10.052416	-0.274643	-338.600868	-393.272421	711.922178	0.935003	-102.190000	0.192220	0.000000	1.278734	350.550861
0.144000	100.000000	101.834775	-1.834775	-1.834775	-2.167212	-8.896809	-0.076407	-335.080872	-389.184074	709.582401	-0.053561	-101.860000	0.236930	0.000000	1.009490	348.943112
0.145000	100.000000	101.511900	-1.511900	-1.511900	-1.835504	-7.641051	0.128485	-324.654554	-377.074290	707.332615	-1.150755	-101.540000	0.188604	0.000000	0.971355	340.283243
0.146000	100.000000	101.189025	-1.189025	-1.189025	-1.511357	-6.446924	0.317105	-311.421151	-361.704181	705.082829	-1.925268	-101.220000	0.188604	0.000000	0.748792	331.760408
0.147000	100.000000	100.879065	-0.879065	-0.879065	-1.189512	-5.354877	0.504245	-301.707745	-350.422418	702.923035	-2.069701	-100.900000	0.188604	0.000000	0.752737	326.249380
0.148000	100.000000	100.582020	-0.582020	-0.582020	-0.878515	-3.850663	0.681770	-288.964470	-335.621575	700.853232	-1.610098	-100.600000	0.188933	0.000000	1.259996	319.653512
0.149000	100.000000	100.297890	-0.297890	-0.297890	-0.582312	-3.132262	0.807516	-271.988291	-315.904369	698.873421	-0.818540	-100.320000	0.187618	0.000000	1.051569	308.179524
0.150000	100.000000	100.039590	-0.039590	-0.039590	-0.298273	-2.082587	0.948056	-253.007053	-293.858361	697.073592	-0.064644	-100.060000	0.189919	0.000000	1.038748	292.921681
0.151000	100.000000	99.807120	0.192880	0.192880	-0.038890	-0.401182	1.096733	-232.911896	-270.518577	695.453747	0.355810	-99.810000	0.188275	0.000000	0.871415	277.138999
0.152000	100.000000	99.574650	0.425350	0.425350	0.193207	0.346109	1.181057	-213.440538	-247.903313	693.833901	0.261452	-99.580000	0.186960	0.000000	0.907906	261.545513
0.153000	100.000000	99.355095	0.644905	0.644905	0.425961	1.519048	1.268339	-192.142351	-223.166254	692.304047	-0.374213	-99.370000	0.188604	0.000000	1.186356	244.437135
0.154000	100.000000	99.174285	0.825715	0.825715	0.647209	2.817177	1.354883	-172.760112	-200.654498	691.044167	-1.327101	-99.190000	0.188604	0.000000	1.352703	224.314309
0.155000	100.000000	99.019305	0.980695	0.980695	0.827363	2.880735	1.395565	-156.808754	-182.127584	689.964270	-2.211488	-99.050000	0.187947	0.000000	1.146906	198.482901
0.156000	100.000000	98.877240	1.122760	1.122760	0.980560	3.475871	1.426632	-137.560190	-159.771087	688.974364	-2.698757	-98.910000	0.188604	0.000000	1.102525	173.768699
0.157000	100.000000	98.748090	1.251910	1.251910	1.123236	4.111453	1.379292	-115.281763	-133.895516	688.074450	-2.596831	-98.790000	0.190248	0.000000	1.091677	154.397409
0.158000	100.000000	98.644770	1.355230	1.355230	1.251777	4.868374	1.374854	-94.696500	-109.986492	687.354518	-1.945642	-98.680000	0.187289	0.000000	1.090362	137.428216
0.159000	100.000000	98.567280	1.432720	1.432720	1.358949	5.340245	1.393346	-74.111239	-86.077471	686.814570	-1.012945	-98.600000	0.188275	0.000000	1.262297	119.786515
0.160000	100.000000	98.502705	1.497295	1.497295	1.431603	5.663814	1.368197	-54.729016	-63.565734	686.364612	-0.166101	-98.540000	0.187289	0.000000	0.798433	99.454417
0.161000	100.000000	98.451045	1.548955	1.548955	1.500311	5.898787	1.306063	-32.807057	-38.104186	686.004647	0.244990	-98.500000	0.186632	0.000000	0.773777	78.801330
0.162000	100.000000	98.438130	1.561870	1.561870	1.548637	6.050942	1.260943	-12.221805	-14.195176	685.914655	0.090448	-98.480000	0.186632	0.000000	1.172220	58.325128
0.163000	100.000000	98.425215	1.574785	1.574785	1.560472	6.112574	1.197330	3.239410	3.762455	685.824664	-0.511040	-98.470000	0.187289	0.000000	0.889496	39.798557
0.164000	100.000000	98.438130	1.561870	1.561870	1.572636	6.156872	1.148511	13.175579	15.302949	685.914655	-1.322634	-98.480000	0.186303	0.000000	1.070308	22.826012
0.165000	100.000000	98.463960	1.536040	1.536040	1.562116	6.124130	1.082679	25.384144	29.482747	686.094638	-2.030401	-98.510000	0.186960	0.000000	0.802049	5.044233
0.166000	100.000000	98.489790	1.510210	1.510210	1.534829	6.077906	0.979123	37.325368	43.352038	686.274621	-1.968962	-98.550000	0.202083	0.000000	0.838869	-11.893379
0.167000	100.000000	98.528535	1.471465	1.471465	1.510502	5.981605	0.917729	44.231672	51.373455	686.544595	-1.426351	-98.590000	0.187618	0.000000	0.821774	-24.506410
0.168000	100.000000	98.580195	1.419805	1.419805	1.471710	5.869897	0.869650	51.449873	59.757130	686.904561	-0.714928	-98.650000	0.188604	0.000000	0.900016	-35.499671
0.169000	100.000000	98.644770	1.355230	1.355230	1.420096	5.725447	0.810475	59.781994	69.434581	687.354518	0.267208	-98.710000	0.186960	0.000000	0.939137	-45.881144
0.170000	100.000000	98.709345	1.290655	1.290655	1.354018	5.484696	0.715795	67.579433	78.491019	687.804475	0.988104	-98.780000	0.186960	0.000000	0.992395	-54.275496
0.171000	100.000000	98.773920	1.226080	1.226080	1.289583	5.215055	0.626293	71.812328	83.407370	688.254432	1.216438	-98.850000	0.189590	0.000000	1.020667	-61.156103
0.172000	100.000000	98.851410	1.148590	1.148590	1.222847	4.903042	0.573776	74.396622	86.408932	688.794381	0.904789	-98.930000	0.187289	0.000000	1.245531	-67.130912
0.173000	100.000000	98.928900	1.071100	1.071100	1.150194	4.458135	0.495369	77.515597	90.031507	689.334330	0.157009	-99.010000	0.187289	0.000000	1.051241	-72.616501
0.174000	100.000000	99.006390	0.993610	0.993610	1.072938	4.126861	0.431016	78.094835	90.704271	689.874278	-0.727075	-99.070000	0.188604	0.000000	1.035789	-72.590716
0.175000	100.000000	99.083880	0.916120	0.916120	0.993381	3.801366	0.385156	76.401677	88.737730	690.414227	-1.383939	-99.150000	0.187289	0.000000	1.049268	-71.677787
0.176000	100.000000	99.148455	0.851545	0.851545	0.915139	3.535577	0.348911	73.817384	85.736168	690.864184	-1.536417	-99.220000	0.187289	0.000000	0.860895	-72.694659
0.177000	100.000000	99.225945	0.774055	0.774055	0.852676	3.279418	0.291216	72.837134	84.597645	691.404132	-1.077155	-99.290000	0.187618	0.000000	1.102197	-71.914814
0.178000	100.000000	99.303435	0.696565	0.696565	0.778708	3.011703	0.247575	72.525237	84.235387	691.944081	-0.184179	-99.370000	0.186303	0.000000	1.282679	-72.870185
0.179000	100.000000	99.368010	0.631990	0.631990	0.694220	2.928885	0.186921	69.495375	80.716315	692.394038	0.762820	-99.440000	0.186960	0.000000	1.024283	-73.772602
0.180000	100.000000	99.445500	0.554500	0.554500	0.633072	2.957775	0.175825	65.663491	76.265723	692.933987	1.395934	-99.500000	0.186632	0.000000	0.800734	-70.842208
0.181000	100.000000	99.522990	0.477010	0.477010	0.555488	2.959701	0.110733	61.876163	71.866882	693.473935	1.779073	-99.580000	0.277366	0.000000	0.799419	-70.070287
0.182000	100.000000	99.561735	0.438265	0.438265	0.477246	2.772879	0.105555	58.846301	68.347809	693.743909	1.522495	-99.630000	0.185974	0.000000	0.952616	-68.166281
0.183000	100.000000	99.626310	0.373690	0.373690	0.443384	2.547536	0.088542	53.276702	61.878924	694.193867	0.574545	-99.680000	0.186303	0.000000	1.140003	-61.484557
0.184000	100.000000	99.677970	0.322030	0.322030	0.374347	1.790615	0.070050	46.281284	53.754005	694.553832	-0.368993	-99.740000	0.186960	0.000000	0.885223	-58.123497
0.185000	100.000000	99.716715	0.283285	0.283285	0.323062	1.378449	0.045641	39.642321	46.043094	694.823807	-0.997730	-99.780000	0.189590	0.000000	0.646222	-54.727516
0.186000	100.000000	99.755460	0.244540	0.244540	0.284270	1.089548	0.042682	34.028164	39.522458	695.093781	-1.067370	-99.820000	0.190577	0.000000	0.663646	-49.009388
0.187000	100.000000	99.781290	0.218710	0.218710	0.247779	0.896947	0.053777	29.260586	33.985092	695.273764	-0.575164	-99.850000	0.187947	0.000000	0.918755	-43.165559
0.188000	100.000000	99.807120	0.192880	0.192880	0.218520	0.754423	0.045641	23.423645	27.205699	695.453747	0.244984	-99.880000	0.188275	0.000000	0.928946	-37.597276
0.189000	100.000000	99.832950	0.167050	0.167050	0.190248	0.656196	0.051558	18.433282	21.409577	695.633729	1.052380	-99.900000	0.187618	0.000000	0.774763	-32.273134
0.190000	100.000000	99.845865	0.154135	0.154135	0.167564	0.575304	0.057476	13.665704	15.872211	695.723721	1.548337	-99.910000	0.187289	0.000000	1.022639	-25.348557
0.191000	100.000000	99.858780	0.141220	0.141220	0.157044	0.509820	0.061174	9.120909	10.593599	695.813712	1.540966	-99.920000	0.188275	0.000000	1.284981	-18.838815
0.192000	100.000000	99.871695	0.128305	0.128305	0.141922	0.444336	0.070790	3.996876	4.642224	695.903704	1.002139	-99.930000	0.188604	0.000000	1.092005	-14.679926
0.193000	100.000000	99.871695	0.128305	0.128305	0.128772	0.403889	0.090761	-1.127158	-1.309152	695.903704	0.164090	-99.930000	0.186632	0.000000	1.103183	-10.608269
0.194000	100.000000	99.858780	0.141220	0.141220	0.128772	0.400037	0.106295	-3.577783	-4.155463	695.813712	-0.639789	-99.930000	0.185974	0.000000	1.123236	-6.225165
0.195000	100.000000	99.858780	0.141220	0.141220	0.141264	0.423150	0.127746	-5.449169	-6.329009	695.813712	-1.110762	-99.920000	0.185974	0.000000	1.327061	-1.575032
0.196000	100.000000	99.858780	0.141220	0.141220	0.141264	0.421224	0.152895	-6.964101	-8.088546	695.813712	-1.085207	-99.920000	0.186303	0.000000	1.323773	1.487413
0.197000	100.000000	99.845865	0.154135	0.154135	0.142908	0.421224	0.141800	-5.983851	-6.950022	695.723721	-0.625625	-99.910000	0.185974	0.000000	1.081485	3.217485
0.198000	100.000000	99.845865	0.154135	0.154135	0.154743	0.475152	0.137362	-3.533226	-4.103712	695.723721	0.074616	-99.910000	0.185645	0.000000	1.063076	4.124053
0.199000	100.000000	99.832950	0.167050	0.167050	0.154414	0.482856	0.135143	-2.241078	-2.602930	695.633729	0.725556	-99.900000	0.184659	0.000000	0.837225	4.578720
0.200000	100.000000	99.832950	0.167050	0.167050	0.168879	0.536784	0.128485	-1.082601	-1.257401	695.633729	1.060128	-99.900000	0.186632	0.000000	0.813227	4.800423
0.201000	100.000000	99.832950	0.167050	0.167050	0.167564	0.540636	0.133663	0.209547	0.243381	695.633729	0.941526	-99.900000	0.185974	0.000000	0.787584	3.152647
0.202000	100.000000	99.832950	0.167050	0.167050	0.167235	0.540636	0.123308	0.432331	0.502136	695.633729	0.406377	-99.900000	0.187289	0.000000	0.757011	1.778864
0.203000	100.000000	99.832950	0.167050	0.167050	0.169865	0.538710	0.135143	-0.191465	-0.222379	695.633729	-0.311439	-99.900000	0.187618	0.000000	0.730382	0.931512
0.204000	100.000000	99.832950	0.167050	0.167050	0.168879	0.542562	0.134403	-0.369692	-0.429384	695.633729	-0.916252	-99.900000	0.187947	0.000000	0.703096	0.466983
0.205000	100.000000	99.832950	0.167050	0.167050	0.167235	0.540636	0.131444	-0.280578	-0.325881	695.633729	-1.190744	-99.900000	0.186632	0.000000	0.700137	0.227646
0.206000	100.000000	99.832950	0.167050	0.167050	0.167893	0.538710	0.126266	-0.191465	-0.222379	695.633729	-1.027926	-99.900000	0.187947	0.000000	0.711315	0.108877
0.207000	100.000000	99.832950	0.167050	0.167050	0.165920	0.538710	0.138101	0.031319	0.036376	695.633729	-0.481276	-99.900000	0.186960	0.000000	0.738272	0.051374
0.208000	100.000000	99.832950	0.167050	0.167050	0.167893	0.544488	0.127006	0.877899	1.019647	695.633729	0.225824	-99.900000	0.187289	0.000000	0.786598	0.024003
0.209000	100.000000	99.832950	0.167050	0.167050	0.167235	0.542562	0.138841	0.877899	1.019647	695.633729	0.808327	-99.900000	0.186960	0.000000	0.833280	0.011133
0.210000	100.000000	99.832950	0.167050	0.167050	0.165920	0.542562	0.118130	0.209547	0.243381	695.633729	1.039025	-99.900000	0.188604	0.000000	0.879305	0.005135
0.211000	100.000000	99.832950	0.167050	0.167050	0.166907	0.538710	0.135143	-0.369692	-0.429384	695.633729	0.836633	-99.900000	0.189262	0.000000	0.915467	0.002359
0.212000	100.000000	99.832950	0.167050	0.167050	0.166578	0.540636	0.141800	-0.770703	-0.895144	695.633729	0.298909	-99.900000	0.185317	0.000000	0.947685	0.001080
0.213000	100.000000	99.832950	0.167050	0.167050	0.166907	0.534858	0.152155	-0.859817	-0.998646	695.633729	-0.358523	-99.900000	0.184988	0.000000	0.972341	0.000493
0.214000	100.000000	99.832950	0.167050	0.167050	0.168550	0.540636	0.138101	-0.726147	-0.843392	695.633729	-0.889384	-99.900000	0.186303	0.000000	1.001600	0.000225
0.215000	100.000000	99.832950	0.167050	0.167050	0.169537	0.540636	0.129225	-0.726147	-0.843392	695.633729	-1.111135	-99.900000	0.186632	0.000000	1.017379	0.000102
0.216000	100.000000	99.832950	0.167050	0.167050	0.168222	0.540636	0.135143	-0.146908	-0.170628	695.633729	-0.931081	-99.900000	0.187289	0.000000	1.030529	0.000046
0.217000	100.000000	99.832950	0.167050	0.167050	0.166249	0.544488	0.132924	0.476887	0.553887	695.633729	-0.415302	-99.900000	0.188275	0.000000	1.035789	0.000021
0.218000	100.000000	99.832950	0.167050	0.167050	0.168222	0.540636	0.125527	0.744228	0.864394	695.633729	0.216531	-99.900000	0.187618	0.000000	1.018694	0.000010
0.219000	100.000000	99.832950	0.167050	0.167050	0.168879	0.542562	0.126266	0.744228	0.864394	695.633729	0.713456	-99.900000	0.188933	0.000000	0.996668	0.000004
0.220000	100.000000	99.832950	0.167050	0.167050	0.165920	0.540636	0.129965	0.432331	0.502136	695.633729	0.885346	-99.900000	0.186303	0.000000	0.963465	0.000002
0.221000	100.000000	99.832950	0.167050	0.167050	0.169208	0.542562	0.130704	-0.414249	-0.481135	695.633729	0.694702	-99.900000	0.187947	0.000000	0.928289	0.000001
0.222000	100.000000	99.832950	0.167050	0.167050	0.167235	0.538710	0.132184	-0.592476	-0.688139	695.633729	0.227409	-99.900000	0.189919	0.000000	0.890483	0.000000
0.223000	100.000000	99.832950	0.167050	0.167050	0.167893	0.542562	0.137362	-0.503363	-0.584637	695.633729	-0.346969	-99.900000	0.188275	0.000000	0.857608	0.000000
0.224000	100.000000	99.832950	0.167050	0.167050	0.166907	0.540636	0.147717	-0.280578	-0.325881	695.633729	-0.804908	-99.900000	0.186632	0.000000	0.824733	0.000000
0.225000	100.000000	99.832950	0.167050	0.167050	0.168879	0.542562	0.135143	0.075876	0.088127	695.633729	-0.961595	-99.900000	0.187289	0.000000	0.815199	0.000000
0.226000	100.000000	99.832950	0.167050	0.167050	0.167235	0.544488	0.130704	0.209547	0.243381	695.633729	-0.772020	-99.900000	0.186960	0.000000	0.818158	0.000000
0.227000	100.000000	99.832950	0.167050	0.167050	0.162633	0.544488	0.125527	0.476887	0.553887	695.633729	-0.322002	-99.900000	0.186303	0.000000	0.836568	0.000000
0.228000	100.000000	99.832950	0.167050	0.167050	0.167564	0.542562	0.130704	0.655115	0.760892	695.633729	0.211210	-99.900000	0.185645	0.000000	0.875689	0.000000
0.229000	100.000000	99.832950	0.167050	0.167050	0.167564	0.538710	0.126266	0.387774	0.450385	695.633729	0.624517	-99.900000	0.186632	0.000000	0.915139	0.000000
0.230000	100.000000	99.832950	0.167050	0.167050	0.165263	0.544488	0.121828	0.209547	0.243381	695.633729	0.766913	-99.900000	0.186303	0.000000	0.955246	0.000000
0.231000	100.000000	99.832950	0.167050	0.167050	0.166578	0.540636	0.153635	-0.280578	-0.325881	695.633729	0.585312	-99.900000	0.185974	0.000000	0.987792	0.000000
0.232000	100.000000	99.832950	0.167050	0.167050	0.167893	0.542562	0.138841	-0.681590	-0.791641	695.633729	0.153602	-99.900000	0.185974	0.000000	1.017051	0.000000
0.233000	100.000000	99.832950	0.167050	0.167050	0.167235	0.540636	0.144758	-0.503363	-0.584637	695.633729	-0.358482	-99.900000	0.187618	0.000000	1.038748	0.000000
0.234000	100.000000	99.832950	0.167050	0.167050	0.167893	0.540636	0.143279	-0.102351	-0.118877	695.633729	-0.738900	-99.900000	0.188275	0.000000	1.066692	-0.000000
0.235000	100.000000	99.832950	0.167050	0.167050	0.167564	0.540636	0.128485	0.120433	0.139878	695.633729	-0.849986	-99.900000	0.186960	0.000000	1.080170	-0.000000
0.236000	100.000000	99.832950	0.167050	0.167050	0.166249	0.544488	0.134403	0.343217	0.398634	695.633729	-0.640470	-99.900000	0.187618	0.000000	1.089704	-0.000000
0.237000	100.000000	99.832950	0.167050	0.167050	0.166907	0.540636	0.131444	0.254103	0.295132	695.633729	-0.222484	-99.900000	0.187947	0.000000	1.089704	-0.000000
0.238000	100.000000	99.832950	0.167050	0.167050	0.167235	0.538710	0.137362	0.164990	0.191629	695.633729	0.223281	-99.900000	0.187289	0.000000	1.065706	-0.000000
0.239000	100.000000	99.832950	0.167050	0.167050	0.167893	0.544488	0.124047	0.298660	0.346883	695.633729	0.567802	-99.900000	0.187289	0.000000	1.037762	-0.000000
0.240000	100.000000	99.832950	0.167050	0.167050	0.164277	0.540636	0.129965	-0.102351	-0.118877	695.633729	0.671728	-99.900000	0.187289	0.000000	1.001928	-0.000000
0.241000	100.000000	99.832950	0.167050	0.167050	0.167235	0.542562	0.130704	-0.102351	-0.118877	695.633729	0.475193	-99.900000	0.186960	0.000000	0.963793	-0.000000
0.242000	100.000000	99.832950	0.167050	0.167050	0.166907	0.538710	0.143279	-0.458806	-0.532886	695.633729	0.057552	-99.900000	0.188275	0.000000	0.924672	-0.000000
0.243000	100.000000	99.832950	0.167050	0.167050	0.168879	0.540636	0.136622	-0.458806	-0.532886	695.633729	-0.408609	-99.900000	0.186632	0.000000	0.890811	-0.000000
0.244000	100.000000	99.832950	0.167050	0.167050	0.163948	0.540636	0.128485	0.031319	0.036376	695.633729	-0.745770	-99.900000	0.186960	0.000000	0.856293	-0.000000
0.245000	100.000000	99.832950	0.167050	0.167050	0.167564	0.546414	0.132184	0.120433	0.139878	695.633729	-0.822707	-99.900000	0.185645	0.000000	0.846101	-0.000000
0.246000	100.000000	99.832950	0.167050	0.167050	0.170852	0.542562	0.141800	0.254103	0.295132	695.633729	-0.617231	-99.900000	0.186632	0.000000	0.849060	-0.000000
0.247000	100.000000	99.832950	0.167050	0.167050	0.173153	0.540636	0.121089	0.298660	0.346883	695.633729	-0.219358	-99.900000	0.186303	0.000000	0.863525	-0.000000
0.248000	100.000000	99.832950	0.167050	0.167050	0.167235	0.542562	0.127746	0.298660	0.346883	695.633729	0.215910	-99.900000	0.186303	0.000000	0.899688	-0.000000
0.249000	100.000000	99.832950	0.167050	0.167050	0.167893	0.538710	0.132184	0.164990	0.191629	695.633729	0.530519	-99.900000	0.186632	0.000000	0.936836	-0.000000
0.250000	100.000000	99.832950	0.167050	0.167050	0.167893	0.538710	0.132184	0.164990	0.191629	695.633729	0.530519	-99.900000	0.186632	0.000000	0.936836	-0.000000